32
36
510
207
1045
1060
1332
8241
31
103
499
1280
402
1046
1237
567
1339
482
1126
1160
44
1048
28
124
311
1120
467
842
1050
1329
57
185
1232
251
265
1229
480
176
941
975
976
1040
1277
1337
50
253
257
262
271
476
507
968
1000
1047
132
490
830
989
1001
468
1483
72
498
506
678
797
1049
1358
269
458
669
912
49
1270
414
69
266
43
713
1051
1052
692
606
85
179
112
86
95
272
382
55
106
121
1238
166
1249
642
1279
290
864
1197
1282
786
40
47
1255
114
248
66
475
988
671
973
309
333
503
1246
472
793
139
173
954
33
808
811
48
1209
89
1123
198
512
223
225
1041
965
421
150
470
964
881
1222
893
27
890
483
1015
38
21
1057
592
896
555
560
643
204
1204
1233
943
644
1310
240
342
394
384
1014
62
435
182
136
291
351
208
712
352
448
70
837
465
151
809
686
591
788
982
585
303
58
969
500
556
365
456
54
905
993
1058
1178
1260
590
578
63
53
41
26
268
194
228
200
707
561
562
563
564
1017
967
962
29
818
700
24
235
75
1314
990
104
293
108
714
23
25
213
246
277
296
838
559
286
519
502
301
1059
1259
355
129
117
395
359
1035
1036
71
515
175
184
199
234
330
843
250
157
947
856
1491
343
111
22
430
790
340
593
932
294
558
164
537
273
540
46
192
297
820
822
804
45
39
1042
1061
98
424
1262
30
495
1258
852
937
789
792
599
1152
1206
426
1207
1331
461
1016
1086
493
163
433
386
399
360
1034
436
1102
1089
598
1245
1180
710
944
437
167
630
289
1405
154
1010
255
673
922
1081
1252
1106
508
484
554
998
654
550
513
242
918
1505
299
432
319
568
986
791
397
892
505
1068
863
1340
722
668
227
596
703
1467
416
694
258
865
1027
1031
1032
1019
52
205
850
721
237
1272
137
1495
909
565
202
940
224
431
670
457
511
127
1261
298
295
120
594
180
1071
1338
516
1038
393
520
1218
196
899
68
724
828
728
61
607
715
300
679
987
933
1254
1366
1083
469
1343
950
985
931
215
383
372
369
362
999
1224
902
241
312
840
259
252
648
826
460
1067
504
379
884
1190
338
1149
347
1417
341
232
130
919
1066
1073
1137
1072
450
731
282
1013
398
1028
719
657
306
403
887
201
904
732
334
910
326
683
1205
1208
1090
878
59
1098
195
385
983
159
784
178
42
364
488
907
35
238
1268
1283
328
34
60
1074
471
439
487
419
1084
938
274
952
474
921
193
684
292
177
230
677
387
1076
716
323
996
1005
914
953
522
763
547
580
473
1087
181
1210
140
285
645
1136
1341
479
994
245
162
344
313
839
844
827
453
501
220
337
765
895
392
336
836
396
401
391
672
1063
478
329
211
422
571
653
1228
1327
1346
496
1002
229
441
1088
821
908
979
1217
37
222
485
787
449
605
370
141
588
829
709
366
239
639
283
119
188
263
67
256
527
525
744
854
570
680
858
1220
486
190
390
320
923
1257
995
226
761
1165
83
191
165
1176
1018
1181
304
614
1315
939
1202
161
696
832
314
446
389
978
381
853
109
824
149
115
101
405
841
144
327
93
65
183
704
247
1118
711
353
773
189
218
1096
685
734
894
1116
770
869
581
155
872
1189
572
749
603
743
1355
368
356
367
373
509
955
1335
1225
481
951
380
145
375
1494
371
1396
305
1284
133
156
883
428
51
825
361
88
374
617
287
459
935
236
1097
518
489
610
681
1026
723
321
739
1496
221
582
810
833
857
99
777
741
1353
897
682
171
1212
756
1367
404
1504
1125
1278
217
1101
280
1213
687
116
868
920
96
984
288
846
834
1230
214
579
757
1154
1344
363
376
745
1357
216
233
243
219
664
406
203
452
148
608
447
1291
1438
771
725
1387
891
776
1139
927
911
1211
901
1141
231
726
270
701
276
1388
981
517
1085
867
1247
318
1256
143
92
408
1024
1502
307
665
667
848
1239
733
354
916
942
796
206
623
959
531
903
876
427
611
134
64
210
1008
720
1037
423
755
1492
917
244
1056
688
634
118
1135
1156
871
331
2
281
1007
1170
926
845
1345
454
1078
418
122
94
652
727
729
1317
147
170
600
573
142
1134
674
1177
445
254
462
925
492
612
168
1108
609
463
900
324
212
752
444
539
924
315
187
880
1011
806
1308
619
730
186
604
586
316
153
477
105
107
275
699
440
873
885
888
97
689
1121
1142
1140
1167
794
322
100
131
529
928
388
595
1023
545
690
717
350
628
310
956
569
958
718
358
766
584
814
812
813
875
345
651
378
886
889
675
357
172
377
524
348
702
102
451
434
1368
997
443
249
660
705
1122
781
615
753
412
1055
413
774
1172
1070
698
780
849
637
583
335
1350
308
536
625
613
759
636
676
197
526
346
1077
557
697
349
1053
1507
618
415
589
877
87
934
1062
1159
1124
650
616
640
1199
339
1080
1147
751
915
1352
1265
1362
1330
417
409
1164
1103
267
544
948
1009
1506
750
5
332
1223
779
738
693
807
879
1226
641
1365
764
638
411
400
831
795
1021
1079
778
882
1276
538
737
775
1356
523
913
666
455
627
1133
754
748
859
1145
819
816
742
1360
861
1378
1336
930
1155
521
635
936
691
1119
769
1439
1408
1168
549
851
735
1333
1273
805
633
1006
1389
1460
1075
548
1364
535
629
963
1490
410
1115
317
661
1322
1486
1285
706
815
1309
1474
1065
1274
1498
1361
530
1313
817
957
552
1311
1403
1110
1325
1271
1320
929
1105
870
1264
1390
542
768
1351
1240
1384
541
546
543
1114
874
767
631
1151
1289
1161
1251
658
1163
656
1150
622
1347
1138
626
620
746
747
1227
1419
1113
1481
325
1386
1281
758
621
1248
1266
1348
1132
1489
949
659
1300
1319
1354
1117
1450
1326
783
1385
1426
1312
1143
708
1153
1485
1371
624
695
1162
1201
1415
649
1377
1370
1305
1020
1316
1412
14
16
1130
1424
1241
1454
1435
1402
1144
1193
1148
1445
1267
1479
1033
1022
762
1214
1029
514
1263
1146
1480
1200
1231
1186
1321
1503
1392
1127
1183
1179
1500
647
1421
1453
1484
1107
855
1420
1372
760
1459
1473
1461
1401
1411
1323
906
1413
532
1400
1407
4
1221
1414
1275
847
632
1242
1381
646
1472
464
1476
1497
736
1475
1369
1437
1427
1194
1446
1482
1191
534
1398
1334
1349
1216
9
8
1444
1383
1295
1436
528
1465
1382
1430
966
1447
1174
1422
1432
1448
1456
663
655
576
1173
1397
1463
1391
1030
597
1443
1409
1466
1363
1442
1304
1302
1416
1290
1380
1379
1433
1469
1044
1451
1431
1462
1440
1187
1468
1395
1303
1499
1406
1307
1399
1394
1508
1375
1464
1418
8242
1099
1501
8700
8364
